1,-3.188396,55.944425,255,-3.1884736457135308,55.944135222252115,null
2,-3.1884736457135308,55.944135222252115,-1,-3.188396,55.944425,trades.rare.cable
3,-3.188396,55.944425,295,-3.188269214521478,55.944153107663894,null
4,-3.188269214521478,55.944153107663894,295,-3.188142429042956,55.943881215327785,null
5,-3.188142429042956,55.943881215327785,295,-3.188015643564434,55.943609322991676,scare.cubs.resort
6,-3.188015643564434,55.943609322991676,340,-3.187733735778198,55.943506716948676,null
7,-3.187733735778198,55.943506716948676,340,-3.1874518279919624,55.943404110905675,null
8,-3.1874518279919624,55.943404110905675,345,-3.187162050244076,55.94332646519214,scale.chair.kinds
9,-3.187162050244076,55.94332646519214,285,-3.187084404530545,55.943036687444256,null
10,-3.187084404530545,55.943036687444256,290,-3.1869817984875475,55.94275477965802,strut.river.surely
11,-3.1869817984875475,55.94275477965802,5,-3.18668294007812,55.94278092638084,null
12,-3.18668294007812,55.94278092638084,0,-3.18638294007812,55.94278092638084,under.retire.bump
13,-3.18638294007812,55.94278092638084,30,-3.1861231324569843,55.94293092638084,null
14,-3.1861231324569843,55.94293092638084,35,-3.1858773868436976,55.94310299931175,null
15,-3.1858773868436976,55.94310299931175,30,-3.185617579222562,55.943252999311746,null
16,-3.185617579222562,55.943252999311746,35,-3.1853718336092753,55.943425072242654,null
17,-3.1853718336092753,55.943425072242654,30,-3.18511202598814,55.94357507224265,null
18,-3.18511202598814,55.94357507224265,35,-3.184866280374853,55.94374714517356,null
19,-3.184866280374853,55.94374714517356,30,-3.1846064727537176,55.94389714517356,rider.mile.lime
20,-3.1846064727537176,55.94389714517356,85,-3.1845803260308934,55.94419600358299,null
21,-3.1845803260308934,55.94419600358299,85,-3.184554179308069,55.94449486199242,null
22,-3.184554179308069,55.94449486199242,85,-3.184528032585245,55.94479372040185,null
23,-3.184528032585245,55.94479372040185,90,-3.184528032585245,55.94509372040185,null
24,-3.184528032585245,55.94509372040185,85,-3.184501885862421,55.94539257881128,settle.title.united
25,-3.184501885862421,55.94539257881128,225,-3.1847140178967766,55.945180446776924,null
26,-3.1847140178967766,55.945180446776924,225,-3.1849261499311323,55.94496831474257,null
27,-3.1849261499311323,55.94496831474257,225,-3.185138281965488,55.94475618270821,null
28,-3.185138281965488,55.94475618270821,225,-3.185350413999844,55.944544050673855,null
29,-3.185350413999844,55.944544050673855,225,-3.1855625460341996,55.9443319186395,null
30,-3.1855625460341996,55.9443319186395,225,-3.1857746780685554,55.94411978660514,null
31,-3.1857746780685554,55.94411978660514,225,-3.185986810102911,55.943907654570786,teams.mild.played
32,-3.185986810102911,55.943907654570786,165,-3.1862765878507977,55.94398530028432,null
33,-3.1862765878507977,55.94398530028432,165,-3.1865663655986842,55.94406294599785,lime.learns.front
34,-3.1865663655986842,55.94406294599785,190,-3.186861807924588,55.94401085154455,renew.ears.tend
35,-3.186861807924588,55.94401085154455,190,-3.187157250250492,55.943958757091245,null
36,-3.187157250250492,55.943958757091245,195,-3.1874470279983784,55.94388111137771,begins.spider.drips
37,-3.1874470279983784,55.94388111137771,75,-3.1873693822848477,55.9441708891256,null
38,-3.1873693822848477,55.9441708891256,80,-3.1873172878315477,55.94446633145151,only.fairly.rift
39,-3.1873172878315477,55.94446633145151,10,-3.187021845505644,55.94451842590481,null
40,-3.187021845505644,55.94451842590481,15,-3.1867320677577573,55.94459607161834,artist.gets.react
41,-3.1867320677577573,55.94459607161834,60,-3.186582067757757,55.944855879239476,laws.merit.bleak
42,-3.186582067757757,55.944855879239476,50,-3.1863892314748514,55.94508569257241,null
43,-3.1863892314748514,55.94508569257241,145,-3.186634977088138,55.94525776550332,null
44,-3.186634977088138,55.94525776550332,150,-3.1868947847092737,55.94540776550332,spent.spoon.bolt
45,-3.1868947847092737,55.94540776550332,145,-3.1871405303225604,55.94557983843423,diner.leaves.mutual
46,-3.1871405303225604,55.94557983843423,185,-3.187439388731988,55.9455536917114,null
47,-3.187439388731988,55.9455536917114,180,-3.187739388731988,55.9455536917114,null
48,-3.187739388731988,55.9455536917114,185,-3.1880382471414155,55.94552754498858,null
49,-3.1880382471414155,55.94552754498858,180,-3.1883382471414157,55.94552754498858,skills.less.herb
50,-3.1883382471414157,55.94552754498858,190,-3.1886336894673195,55.94547545053528,shady.soft.phones
51,-3.1886336894673195,55.94547545053528,255,-3.1887113351808503,55.94518567278739,rooms.lamp.teach
52,-3.1887113351808503,55.94518567278739,190,-3.189006777506754,55.94513357833409,number.exist.rate
53,-3.189006777506754,55.94513357833409,120,-3.189156777506754,55.94539338595522,null
54,-3.189156777506754,55.94539338595522,125,-3.1893288504376596,55.945639131568505,museum.spicy.horns
55,-3.1893288504376596,55.945639131568505,100,-3.1893809448909596,55.94593457389441,coherent.saints.stuck
56,-3.1893809448909596,55.94593457389441,170,-3.1896763872168634,55.945986668347714,null
57,-3.1896763872168634,55.945986668347714,170,-3.1899718295427673,55.94603876280102,love.behind.orchestra
58,-3.1899718295427673,55.94603876280102,185,-3.1902706879521947,55.94601261607819,null
59,-3.1902706879521947,55.94601261607819,180,-3.190570687952195,55.94601261607819,null
60,-3.190570687952195,55.94601261607819,185,-3.1908695463616223,55.94598646935537,null
61,-3.1908695463616223,55.94598646935537,180,-3.1911695463616225,55.94598646935537,simple.rust.audio
62,-3.1911695463616225,55.94598646935537,240,-3.1913195463616226,55.945726661734234,null
63,-3.1913195463616226,55.945726661734234,245,-3.1914463318401447,55.945454769398125,null
64,-3.1914463318401447,55.945454769398125,240,-3.191596331840145,55.94519496177699,hills.feels.tunes
65,-3.191596331840145,55.94519496177699,185,-3.1918951902495722,55.94516881505417,null
66,-3.1918951902495722,55.94516881505417,190,-3.192190632575476,55.945116720600865,useful.hike.trades
67,-3.192190632575476,55.945116720600865,295,-3.192063847096954,55.944844828264756,null
68,-3.192063847096954,55.944844828264756,295,-3.191937061618432,55.94457293592865,null
69,-3.191937061618432,55.94457293592865,295,-3.19181027613991,55.94430104359254,null
70,-3.19181027613991,55.94430104359254,295,-3.191683490661388,55.94402915125643,null
71,-3.191683490661388,55.94402915125643,290,-3.19158088461839,55.94374724347019,null
72,-3.19158088461839,55.94374724347019,295,-3.191454099139868,55.94347535113408,null
73,-3.191454099139868,55.94347535113408,290,-3.1913514930968705,55.943193443347845,null
74,-3.1913514930968705,55.943193443347845,295,-3.1912247076183484,55.942921551011736,along.spill.limp
75,-3.1912247076183484,55.942921551011736,20,-3.1909427998321127,55.94302415705474,null
76,-3.1909427998321127,55.94302415705474,15,-3.190653022084226,55.94310180276827,relate.chill.vest
77,-3.190653022084226,55.94310180276827,285,-3.1905753763706954,55.94281202502038,tonic.bliss.cove
78,-3.1905753763706954,55.94281202502038,10,-3.1902799340447916,55.94286411947368,null
79,-3.1902799340447916,55.94286411947368,5,-3.189981075635364,55.94289026619651,second.launch.miles
80,-3.189981075635364,55.94289026619651,110,-3.1900836816783618,55.943172173982745,null
81,-3.1900836816783618,55.943172173982745,115,-3.190210467156884,55.943444066318854,arts.dish.scarcely
82,-3.190210467156884,55.943444066318854,105,-3.1902881128704146,55.94373384406674,sculpture.shot.melon
83,-3.1902881128704146,55.94373384406674,20,-3.190006205084179,55.94383645010974,null
84,-3.190006205084179,55.94383645010974,25,-3.189734312748068,55.943963235588264,null
85,-3.189734312748068,55.943963235588264,20,-3.1894524049618322,55.944065841631264,null
86,-3.1894524049618322,55.944065841631264,25,-3.1891805126257213,55.944192627109786,spoon.invest.every
87,-3.1891805126257213,55.944192627109786,15,-3.188890734877835,55.94427027282332,null
88,-3.188890734877835,55.94427027282332,15,-3.1886009571299483,55.94434791853685,null