1,-3.188396,55.944425,195,-3.1886857777478865,55.94434735428647,null
2,-3.1886857777478865,55.94434735428647,200,-3.1889676855341222,55.94424474824347,spoon.invest.every
3,-3.1889676855341222,55.94424474824347,275,-3.188941538811298,55.94394588983404,noted.friday.jams
4,-3.188941538811298,55.94394588983404,235,-3.1891136117422034,55.943700144220756,null
5,-3.1891136117422034,55.943700144220756,240,-3.1892636117422035,55.94344033659962,rents.cone.stove
6,-3.1892636117422035,55.94344033659962,235,-3.189435684673109,55.94319459098634,null
7,-3.189435684673109,55.94319459098634,240,-3.189585684673109,55.9429347833652,null
8,-3.189585684673109,55.9429347833652,225,-3.1897978167074648,55.94272265133085,hooked.shine.third
9,-3.1897978167074648,55.94272265133085,120,-3.189947816707465,55.94298245895198,null
10,-3.189947816707465,55.94298245895198,120,-3.190097816707465,55.943242266573115,shows.fries.lamp
11,-3.190097816707465,55.943242266573115,220,-3.1903276300404007,55.94304943029021,null
12,-3.1903276300404007,55.94304943029021,220,-3.1905574433733364,55.9428565940073,tonic.bliss.cove
13,-3.1905574433733364,55.9428565940073,125,-3.1907295163042417,55.94310233962059,relate.chill.vest
14,-3.1907295163042417,55.94310233962059,115,-3.190856301782764,55.943374231956696,null
15,-3.190856301782764,55.943374231956696,115,-3.190983087261286,55.943646124292805,null
16,-3.190983087261286,55.943646124292805,115,-3.191109872739808,55.94391801662891,spicy.bunch.shady
17,-3.191109872739808,55.94391801662891,85,-3.1910837260169838,55.94421687503834,null
18,-3.1910837260169838,55.94421687503834,85,-3.1910575792941596,55.94451573344777,paying.crowd.weep
19,-3.1910575792941596,55.94451573344777,5,-3.190758720884732,55.9445418801706,null
20,-3.190758720884732,55.9445418801706,-1,-3.1910575792941596,55.94451573344777,estate.gave.votes
21,-3.1910575792941596,55.94451573344777,155,-3.1913294716302705,55.944642518926294,null
22,-3.1913294716302705,55.944642518926294,150,-3.191589279251406,55.94479251892629,null
23,-3.191589279251406,55.94479251892629,155,-3.191861171587517,55.94491930440481,null
24,-3.191861171587517,55.94491930440481,150,-3.1921209792086525,55.94506930440481,useful.hike.trades
25,-3.1921209792086525,55.94506930440481,10,-3.1918255368827486,55.94512139885811,null
26,-3.1918255368827486,55.94512139885811,10,-3.1915300945568448,55.945173493311415,null
27,-3.1915300945568448,55.945173493311415,10,-3.191234652230941,55.94522558776472,null
28,-3.191234652230941,55.94522558776472,5,-3.1909357938215135,55.94525173448754,maple.limit.hotels
29,-3.1909357938215135,55.94525173448754,15,-3.190646016073627,55.94532938020107,null
30,-3.190646016073627,55.94532938020107,10,-3.190350573747723,55.945381474654376,null
31,-3.190350573747723,55.945381474654376,15,-3.1900607959998366,55.94545912036791,null
32,-3.1900607959998366,55.94545912036791,10,-3.1897653536739328,55.94551121482121,turkey.limit.ramp
33,-3.1897653536739328,55.94551121482121,20,-3.189483445887697,55.94561382086421,museum.spicy.horns
34,-3.189483445887697,55.94561382086421,75,-3.1894058001741663,55.9459035986121,coherent.saints.stuck
35,-3.1894058001741663,55.9459035986121,320,-3.1891759868412306,55.94571076232919,null
36,-3.1891759868412306,55.94571076232919,325,-3.188930241227944,55.94553868939828,shady.soft.phones
37,-3.188930241227944,55.94553868939828,55,-3.1887581682970385,55.94578443501157,null
38,-3.1887581682970385,55.94578443501157,55,-3.188586095366133,55.94603018062485,boost.radar.stress
39,-3.188586095366133,55.94603018062485,355,-3.1882872369567057,55.94600403390203,null
40,-3.1882872369567057,55.94600403390203,355,-3.1879883785472782,55.945977887179204,null
41,-3.1879883785472782,55.945977887179204,355,-3.187689520137851,55.94595174045638,null
42,-3.187689520137851,55.94595174045638,0,-3.1873895201378506,55.94595174045638,slips.mass.baking
43,-3.1873895201378506,55.94595174045638,310,-3.187196683854945,55.945721927123444,null
44,-3.187196683854945,55.945721927123444,310,-3.187003847572039,55.94549211379051,null
45,-3.187003847572039,55.94549211379051,310,-3.1868110112891332,55.94526230045757,dragon.bottle.crisp
46,-3.1868110112891332,55.94526230045757,45,-3.1865988792547775,55.94547443249193,null
47,-3.1865988792547775,55.94547443249193,45,-3.1863867472204217,55.945686564526284,posts.kicked.universally
48,-3.1863867472204217,55.945686564526284,5,-3.1860878888109943,55.94571271124911,null
49,-3.1860878888109943,55.94571271124911,5,-3.185789030401567,55.94573885797193,shed.desire.muddy
50,-3.185789030401567,55.94573885797193,330,-3.1855292227804313,55.945588857971934,null
51,-3.1855292227804313,55.945588857971934,330,-3.1852694151592957,55.945438857971936,null
52,-3.1852694151592957,55.945438857971936,330,-3.18500960753816,55.94528885797194,null
53,-3.18500960753816,55.94528885797194,330,-3.1847497999170247,55.94513885797194,null
54,-3.1847497999170247,55.94513885797194,325,-3.184504054303738,55.94496678504103,sports.topic.clocks
55,-3.184504054303738,55.94496678504103,210,-3.1847638619248735,55.944816785041034,null
56,-3.1847638619248735,55.944816785041034,205,-3.1850357542609844,55.94468999956251,null
57,-3.1850357542609844,55.94468999956251,210,-3.18529556188212,55.944539999562515,acid.chair.butter
58,-3.18529556188212,55.944539999562515,280,-3.18524346742882,55.94424455723661,null
59,-3.18524346742882,55.94424455723661,280,-3.18519137297552,55.9439491149107,null
60,-3.18519137297552,55.9439491149107,280,-3.18513927852222,55.943653672584794,hello.love.keys
61,-3.18513927852222,55.943653672584794,240,-3.18528927852222,55.94339386496366,null
62,-3.18528927852222,55.94339386496366,240,-3.18543927852222,55.943134057342526,null
63,-3.18543927852222,55.943134057342526,245,-3.185566064000742,55.94286216500642,dent.shins.cycle
64,-3.185566064000742,55.94286216500642,185,-3.1858649224101696,55.94283601828359,null
65,-3.1858649224101696,55.94283601828359,185,-3.186163780819597,55.94280987156077,under.retire.bump
66,-3.186163780819597,55.94280987156077,90,-3.186163780819597,55.94310987156077,null
67,-3.186163780819597,55.94310987156077,85,-3.186137634096773,55.9434087299702,null
68,-3.186137634096773,55.9434087299702,90,-3.186137634096773,55.943708729970204,null
69,-3.186137634096773,55.943708729970204,85,-3.1861114873739487,55.944007588379634,null
70,-3.1861114873739487,55.944007588379634,90,-3.1861114873739487,55.94430758837964,organs.shape.fantastic
71,-3.1861114873739487,55.94430758837964,130,-3.1863043236568545,55.94453740171257,null
72,-3.1863043236568545,55.94453740171257,155,-3.1865762159929654,55.944664187191094,null
73,-3.1865762159929654,55.944664187191094,200,-3.186858123779201,55.94456158114809,artist.gets.react
74,-3.186858123779201,55.94456158114809,190,-3.187153566105105,55.94450948669479,only.fairly.rift
75,-3.187153566105105,55.94450948669479,215,-3.1873993117183916,55.94433741376388,null
76,-3.1873993117183916,55.94433741376388,260,-3.1874514061716916,55.944041971437976,begins.spider.drips
77,-3.1874514061716916,55.944041971437976,245,-3.1875781916502137,55.94377007910187,null
78,-3.1875781916502137,55.94377007910187,245,-3.187704977128736,55.94349818676576,null
79,-3.187704977128736,55.94349818676576,245,-3.187831762607258,55.94322629442965,gums.clock.modes
80,-3.187831762607258,55.94322629442965,190,-3.1881272049331617,55.94317419997635,null
81,-3.1881272049331617,55.94317419997635,185,-3.188426063342589,55.94314805325352,groups.ideas.script
82,-3.188426063342589,55.94314805325352,80,-3.188373968889289,55.94344349557943,null
83,-3.188373968889289,55.94344349557943,80,-3.188321874435989,55.94373893790534,null
84,-3.188321874435989,55.94373893790534,80,-3.188269779982689,55.944034380231244,rush.crown.link
85,-3.188269779982689,55.944034380231244,110,-3.1883723860256867,55.94431628801748,null